Liquid Composition:
index Pressure Temperature mass SiO2 TiO2 Al2O3 Fe2O3 Cr2O3 FeO MnO MgO NiO CoO CaO Na2O K2O P2O5 H2O 
1 1000.00 1400.00 100.000000 50.3863 2.03838 13.1215 1.46882 0 11.9022 0.24984 6.57416 0 0 11.2587 2.46866 0.244883 0.18738 0.0991428
2 1000.00 1397.00 100.000000 50.3863 2.03838 13.1215 1.46882 0 11.9022 0.24984 6.57416 0 0 11.2587 2.46866 0.244883 0.18738 0.0991428
3 1000.00 1394.00 100.000000 50.3863 2.03838 13.1215 1.46882 0 11.9022 0.24984 6.57416 0 0 11.2587 2.46866 0.244883 0.18738 0.0991428
4 1000.00 1391.00 100.000000 50.3863 2.03838 13.1215 1.46882 0 11.9022 0.24984 6.57416 0 0 11.2587 2.46866 0.244883 0.18738 0.0991428
5 1000.00 1388.00 100.000000 50.3863 2.03838 13.1215 1.46882 0 11.9022 0.24984 6.57416 0 0 11.2587 2.46866 0.244883 0.18738 0.0991428
6 1000.00 1385.00 100.000000 50.3863 2.03838 13.1215 1.46882 0 11.9022 0.24984 6.57416 0 0 11.2587 2.46866 0.244883 0.18738 0.0991428
7 1000.00 1382.00 100.000000 50.3863 2.03838 13.1215 1.46882 0 11.9022 0.24984 6.57416 0 0 11.2587 2.46866 0.244883 0.18738 0.0991428
8 1000.00 1379.00 100.000000 50.3863 2.03838 13.1215 1.46882 0 11.9022 0.24984 6.57416 0 0 11.2587 2.46866 0.244883 0.18738 0.0991428
9 1000.00 1376.00 100.000000 50.3863 2.03838 13.1215 1.46882 0 11.9022 0.24984 6.57416 0 0 11.2587 2.46866 0.244883 0.18738 0.0991428
10 1000.00 1373.00 100.000000 50.3863 2.03838 13.1215 1.46882 0 11.9022 0.24984 6.57416 0 0 11.2587 2.46866 0.244883 0.18738 0.0991428
11 1000.00 1370.00 100.000000 50.3863 2.03838 13.1215 1.46882 0 11.9022 0.24984 6.57416 0 0 11.2587 2.46866 0.244883 0.18738 0.0991428
12 1000.00 1367.00 100.000000 50.3863 2.03838 13.1215 1.46882 0 11.9022 0.24984 6.57416 0 0 11.2587 2.46866 0.244883 0.18738 0.0991428
13 1000.00 1364.00 100.000000 50.3863 2.03838 13.1215 1.46882 0 11.9022 0.24984 6.57416 0 0 11.2587 2.46866 0.244883 0.18738 0.0991428
14 1000.00 1361.00 100.000000 50.3863 2.03838 13.1215 1.46882 0 11.9022 0.24984 6.57416 0 0 11.2587 2.46866 0.244883 0.18738 0.0991428
15 1000.00 1358.00 100.000000 50.3863 2.03838 13.1215 1.46882 0 11.9022 0.24984 6.57416 0 0 11.2587 2.46866 0.244883 0.18738 0.0991428
16 1000.00 1355.00 100.000000 50.3863 2.03838 13.1215 1.46882 0 11.9022 0.24984 6.57416 0 0 11.2587 2.46866 0.244883 0.18738 0.0991428
17 1000.00 1352.00 100.000000 50.3863 2.03838 13.1215 1.46882 0 11.9022 0.24984 6.57416 0 0 11.2587 2.46866 0.244883 0.18738 0.0991428
18 1000.00 1349.00 100.000000 50.3863 2.03838 13.1215 1.46882 0 11.9022 0.24984 6.57416 0 0 11.2587 2.46866 0.244883 0.18738 0.0991428
19 1000.00 1346.00 100.000000 50.3863 2.03838 13.1215 1.46882 0 11.9022 0.24984 6.57416 0 0 11.2587 2.46866 0.244883 0.18738 0.0991428
20 1000.00 1343.00 100.000000 50.3863 2.03838 13.1215 1.46882 0 11.9022 0.24984 6.57416 0 0 11.2587 2.46866 0.244883 0.18738 0.0991428
21 1000.00 1340.00 100.000000 50.3863 2.03838 13.1215 1.46882 0 11.9022 0.24984 6.57416 0 0 11.2587 2.46866 0.244883 0.18738 0.0991428
22 1000.00 1337.00 100.000000 50.3863 2.03838 13.1215 1.46882 0 11.9022 0.24984 6.57416 0 0 11.2587 2.46866 0.244883 0.18738 0.0991428
23 1000.00 1334.00 100.000000 50.3863 2.03838 13.1215 1.46882 0 11.9022 0.24984 6.57416 0 0 11.2587 2.46866 0.244883 0.18738 0.0991428
24 1000.00 1331.00 100.000000 50.3863 2.03838 13.1215 1.46882 0 11.9022 0.24984 6.57416 0 0 11.2587 2.46866 0.244883 0.18738 0.0991428
25 1000.00 1328.00 100.000000 50.3863 2.03838 13.1215 1.46882 0 11.9022 0.24984 6.57416 0 0 11.2587 2.46866 0.244883 0.18738 0.0991428
26 1000.00 1325.00 100.000000 50.3863 2.03838 13.1215 1.46882 0 11.9022 0.24984 6.57416 0 0 11.2587 2.46866 0.244883 0.18738 0.0991428
27 1000.00 1322.00 100.000000 50.3863 2.03838 13.1215 1.46882 0 11.9022 0.24984 6.57416 0 0 11.2587 2.46866 0.244883 0.18738 0.0991428
28 1000.00 1319.00 100.000000 50.3863 2.03838 13.1215 1.46882 0 11.9022 0.24984 6.57416 0 0 11.2587 2.46866 0.244883 0.18738 0.0991428
29 1000.00 1316.00 100.000000 50.3863 2.03838 13.1215 1.46882 0 11.9022 0.24984 6.57416 0 0 11.2587 2.46866 0.244883 0.18738 0.0991428
30 1000.00 1313.00 100.000000 50.3863 2.03838 13.1215 1.46882 0 11.9022 0.24984 6.57416 0 0 11.2587 2.46866 0.244883 0.18738 0.0991428
31 1000.00 1310.00 100.000000 50.3863 2.03838 13.1215 1.46882 0 11.9022 0.24984 6.57416 0 0 11.2587 2.46866 0.244883 0.18738 0.0991428
32 1000.00 1307.00 100.000000 50.3863 2.03838 13.1215 1.46882 0 11.9022 0.24984 6.57416 0 0 11.2587 2.46866 0.244883 0.18738 0.0991428
33 1000.00 1304.00 100.000000 50.3863 2.03838 13.1215 1.46882 0 11.9022 0.24984 6.57416 0 0 11.2587 2.46866 0.244883 0.18738 0.0991428
34 1000.00 1301.00 100.000000 50.3863 2.03838 13.1215 1.46882 0 11.9022 0.24984 6.57416 0 0 11.2587 2.46866 0.244883 0.18738 0.0991428
35 1000.00 1298.00 100.000000 50.3863 2.03838 13.1215 1.46882 0 11.9022 0.24984 6.57416 0 0 11.2587 2.46866 0.244883 0.18738 0.0991428
36 1000.00 1295.00 100.000000 50.3863 2.03838 13.1215 1.46882 0 11.9022 0.24984 6.57416 0 0 11.2587 2.46866 0.244883 0.18738 0.0991428
37 1000.00 1292.00 100.000000 50.3863 2.03838 13.1215 1.46882 0 11.9022 0.24984 6.57416 0 0 11.2587 2.46866 0.244883 0.18738 0.0991428
38 1000.00 1289.00 100.000000 50.3863 2.03838 13.1215 1.46882 0 11.9022 0.24984 6.57416 0 0 11.2587 2.46866 0.244883 0.18738 0.0991428
39 1000.00 1286.00 100.000000 50.3863 2.03838 13.1215 1.46882 0 11.9022 0.24984 6.57416 0 0 11.2587 2.46866 0.244883 0.18738 0.0991428
40 1000.00 1283.00 100.000000 50.3863 2.03838 13.1215 1.46882 0 11.9022 0.24984 6.57416 0 0 11.2587 2.46866 0.244883 0.18738 0.0991428
41 1000.00 1280.00 100.000000 50.3863 2.03838 13.1215 1.46882 0 11.9022 0.24984 6.57416 0 0 11.2587 2.46866 0.244883 0.18738 0.0991428
42 1000.00 1277.00 100.000000 50.3863 2.03838 13.1215 1.46882 0 11.9022 0.24984 6.57416 0 0 11.2587 2.46866 0.244883 0.18738 0.0991428
43 1000.00 1274.00 100.000000 50.3863 2.03838 13.1215 1.46882 0 11.9022 0.24984 6.57416 0 0 11.2587 2.46866 0.244883 0.18738 0.0991428
44 1000.00 1271.00 100.000000 50.3863 2.03838 13.1215 1.46882 0 11.9022 0.24984 6.57416 0 0 11.2587 2.46866 0.244883 0.18738 0.0991428
45 1000.00 1268.00 100.000000 50.3863 2.03838 13.1215 1.46882 0 11.9022 0.24984 6.57416 0 0 11.2587 2.46866 0.244883 0.18738 0.0991428
46 1000.00 1265.00 100.000000 50.3863 2.03838 13.1215 1.46882 0 11.9022 0.24984 6.57416 0 0 11.2587 2.46866 0.244883 0.18738 0.0991428
47 1000.00 1262.00 100.000000 50.3863 2.03838 13.1215 1.46882 0 11.9022 0.24984 6.57416 0 0 11.2587 2.46866 0.244883 0.18738 0.0991428
48 1000.00 1259.00 100.000000 50.3863 2.03838 13.1215 1.46882 0 11.9022 0.24984 6.57416 0 0 11.2587 2.46866 0.244883 0.18738 0.0991428
49 1000.00 1256.00 100.000000 50.3863 2.03838 13.1215 1.46882 0 11.9022 0.24984 6.57416 0 0 11.2587 2.46866 0.244883 0.18738 0.0991428
50 1000.00 1253.00 100.000000 50.3863 2.03838 13.1215 1.46882 0 11.9022 0.24984 6.57416 0 0 11.2587 2.46866 0.244883 0.18738 0.0991428
51 1000.00 1250.00 100.000000 50.3863 2.03838 13.1215 1.46882 0 11.9022 0.24984 6.57416 0 0 11.2587 2.46866 0.244883 0.18738 0.0991428
52 1000.00 1247.00 100.000000 50.3863 2.03838 13.1215 1.46882 0 11.9022 0.24984 6.57416 0 0 11.2587 2.46866 0.244883 0.18738 0.0991428
53 1000.00 1244.00 100.000000 50.3863 2.03838 13.1215 1.46882 0 11.9022 0.24984 6.57416 0 0 11.2587 2.46866 0.244883 0.18738 0.0991428
54 1000.00 1241.00 100.000000 50.3863 2.03838 13.1215 1.46882 0 11.9022 0.24984 6.57416 0 0 11.2587 2.46866 0.244883 0.18738 0.0991428
55 1000.00 1238.00 100.000000 50.3863 2.03838 13.1215 1.46882 0 11.9022 0.24984 6.57416 0 0 11.2587 2.46866 0.244883 0.18738 0.0991428
56 1000.00 1235.00 100.000000 50.3863 2.03838 13.1215 1.46882 0 11.9022 0.24984 6.57416 0 0 11.2587 2.46866 0.244883 0.18738 0.0991428
57 1000.00 1232.00 100.000000 50.3863 2.03838 13.1215 1.46882 0 11.9022 0.24984 6.57416 0 0 11.2587 2.46866 0.244883 0.18738 0.0991428
58 1000.00 1229.00 100.000000 50.3863 2.03838 13.1215 1.46882 0 11.9022 0.24984 6.57416 0 0 11.2587 2.46866 0.244883 0.18738 0.0991428
59 1000.00 1226.00 100.000000 50.3863 2.03838 13.1215 1.46882 0 11.9022 0.24984 6.57416 0 0 11.2587 2.46866 0.244883 0.18738 0.0991428
60 1000.00 1223.00 100.000000 50.3863 2.03838 13.1215 1.46882 0 11.9022 0.24984 6.57416 0 0 11.2587 2.46866 0.244883 0.18738 0.0991428
61 1000.00 1220.00 100.000000 50.3863 2.03838 13.1215 1.46882 0 11.9022 0.24984 6.57416 0 0 11.2587 2.46866 0.244883 0.18738 0.0991428
62 1000.00 1217.00 100.000000 50.3863 2.03838 13.1215 1.46882 0 11.9022 0.24984 6.57416 0 0 11.2587 2.46866 0.244883 0.18738 0.0991428
63 1000.00 1214.00 100.000000 50.3863 2.03838 13.1215 1.46882 0 11.9022 0.24984 6.57416 0 0 11.2587 2.46866 0.244883 0.18738 0.0991428
64 1000.00 1211.00 100.000000 50.3863 2.03838 13.1215 1.46882 0 11.9022 0.24984 6.57416 0 0 11.2587 2.46866 0.244883 0.18738 0.0991428
65 1000.00 1208.00 100.000000 50.3863 2.03838 13.1215 1.46882 0 11.9022 0.24984 6.57416 0 0 11.2587 2.46866 0.244883 0.18738 0.0991428
66 1000.00 1205.00 100.000000 50.3863 2.03838 13.1215 1.46882 0 11.9022 0.24984 6.57416 0 0 11.2587 2.46866 0.244883 0.18738 0.0991428
67 1000.00 1202.00 100.000000 50.3863 2.03838 13.1215 1.46882 0 11.9022 0.24984 6.57416 0 0 11.2587 2.46866 0.244883 0.18738 0.0991428
68 1000.00 1199.00 100.000000 50.3863 2.03838 13.1215 1.46882 0 11.9022 0.24984 6.57416 0 0 11.2587 2.46866 0.244883 0.18738 0.0991428
69 1000.00 1196.00 100.000000 50.3863 2.03838 13.1215 1.46882 0 11.9022 0.24984 6.57416 0 0 11.2587 2.46866 0.244883 0.18738 0.0991428
70 1000.00 1193.00 100.000000 50.3863 2.03838 13.1215 1.46882 0 11.9022 0.24984 6.57416 0 0 11.2587 2.46866 0.244883 0.18738 0.0991428
71 1000.00 1190.00 100.000000 50.3863 2.03838 13.1215 1.46882 0 11.9022 0.24984 6.57416 0 0 11.2587 2.46866 0.244883 0.18738 0.0991428
72 1000.00 1187.00 100.000000 50.3863 2.03838 13.1215 1.46882 0 11.9022 0.24984 6.57416 0 0 11.2587 2.46866 0.244883 0.18738 0.0991428
73 1000.00 1184.00 100.000000 50.3863 2.03838 13.1215 1.46882 0 11.9022 0.24984 6.57416 0 0 11.2587 2.46866 0.244883 0.18738 0.0991428
74 1000.00 1181.00 100.000000 50.3863 2.03838 13.1215 1.46882 0 11.9022 0.24984 6.57416 0 0 11.2587 2.46866 0.244883 0.18738 0.0991428
75 1000.00 1178.00 99.147921 50.3784 2.05199 13.2 1.47013 0 11.9435 0.251987 6.49053 0 0 11.1893 2.48831 0.246987 0.18899 0.0999948
76 1000.00 1179.00 99.674320 50.3832 2.04357 13.1515 1.46934 0 11.918 0.250656 6.54224 0 0 11.2322 2.47613 0.245683 0.187992 0.0994667
77 1000.00 1180.00 100.000000 50.3863 2.03838 13.1215 1.46882 0 11.9022 0.24984 6.57416 0 0 11.2587 2.46866 0.244883 0.18738 0.0991428
78 1000.00 1179.00 99.674320 50.3832 2.04357 13.1515 1.46934 0 11.918 0.250656 6.54224 0 0 11.2322 2.47613 0.245683 0.187992 0.0994667
79 1000.00 1179.10 99.727200 50.3837 2.04273 13.1466 1.46926 0 11.9155 0.250523 6.54742 0 0 11.2365 2.47492 0.245553 0.187892 0.099414
80 1000.00 1179.20 99.780124 50.3842 2.04188 13.1417 1.46918 0 11.9129 0.25039 6.55261 0 0 11.2408 2.4737 0.245422 0.187793 0.0993613
81 1000.00 1179.30 99.833093 50.3847 2.04104 13.1369 1.46909 0 11.9103 0.250258 6.5578 0 0 11.2451 2.47248 0.245292 0.187693 0.0993085
82 1000.00 1179.40 99.886106 50.3852 2.04019 13.132 1.46901 0 11.9077 0.250125 6.563 0 0 11.2494 2.47127 0.245162 0.187594 0.0992558
83 1000.00 1179.50 99.939163 50.3857 2.03935 13.1271 1.46892 0 11.9052 0.249992 6.5682 0 0 11.2537 2.47005 0.245032 0.187494 0.0992031
84 1000.00 1179.60 99.992264 50.3863 2.0385 13.1223 1.46884 0 11.9026 0.249859 6.5734 0 0 11.258 2.46883 0.244902 0.187394 0.0991505
85 1000.00 1179.70 100.000000 50.3863 2.03838 13.1215 1.46882 0 11.9022 0.24984 6.57416 0 0 11.2587 2.46866 0.244883 0.18738 0.0991428
86 1000.00 1179.60 99.992264 50.3863 2.0385 13.1223 1.46884 0 11.9026 0.249859 6.5734 0 0 11.258 2.46883 0.244902 0.187394 0.0991505
87 1000.00 1180.00 100.000000 50.3863 2.03838 13.1215 1.46882 0 11.9022 0.24984 6.57416 0 0 11.2587 2.46866 0.244883 0.18738 0.0991428
88 1000.00 1179.70 100.000000 50.3863 2.03838 13.1215 1.46882 0 11.9022 0.24984 6.57416 0 0 11.2587 2.46866 0.244883 0.18738 0.0991428
89 1000.00 1179.80 100.000000 50.3863 2.03838 13.1215 1.46882 0 11.9022 0.24984 6.57416 0 0 11.2587 2.46866 0.244883 0.18738 0.0991428
90 1000.00 1159.33 81.309821 50.1679 2.43727 12.7919 1.63447 0 13.404 0.307269 5.79581 0 0 10.1506 2.66663 0.291789 0.230452 0.121932
91 1000.00 1138.87 64.319014 49.6755 3.02085 11.84 1.91875 0 15.1576 0.388439 4.93165 0 0 9.48213 2.78921 0.35042 0.291329 0.154142
92 1000.00 1118.40 52.443679 49.0321 3.65045 10.8193 2.23464 0 16.8269 0.476396 4.14673 0 0 9.01771 2.84181 0.407633 0.357297 0.189046
93 1000.00 1097.93 43.015888 48.6005 4.02436 9.83868 2.5677 0 18.4317 0.570011 3.38406 0 0 8.5676 2.87925 0.469971 0.435606 0.230479
94 1000.00 1077.47 30.563856 53.1482 2.49051 10.0687 1.7125 0 16.8009 0.802309 2.06514 0 0 7.88384 3.4571 0.633353 0.613077 0.324379
95 1000.00 1057.00 23.738545 56.9496 1.79672 9.67175 1.23427 0 14.897 0.844865 1.20951 0 0 7.57936 3.82679 0.78314 0.789349 0.417645
96 1000.00 1036.53 19.507562 60.2449 1.42331 9.05817 0.918344 0 12.9473 0.818539 0.677308 0 0 7.43557 4.08605 0.921825 0.96055 0.508227
97 1000.00 1016.07 16.688076 63.2222 1.19123 8.42326 0.688016 0 11.2323 0.78267 0.358948 0 0 7.17861 4.28265 1.04938 0.996694 0.594094
98 1000.00 995.60 14.730893 65.7752 1.0378 7.79497 0.517635 0 9.71365 0.745154 0.173715 0 0 6.94723 4.42388 1.16342 1.03429 0.673026
99 1000.00 975.13 13.261024 68.1017 0.930421 7.19782 0.387418 0 8.34779 0.709649 0.0707749 0 0 6.67642 4.53222 1.26884 1.03457 0.742335
100 1000.00 954.67 12.104722 70.245 0.869912 6.78819 0.284999 0 7.09989 0.693532 0.0265988 0 0 6.19555 4.65022 1.3697 0.970029 0.806335