Solid Composition:
index Pressure Temperature mass SiO2 TiO2 Al2O3 Fe2O3 Cr2O3 FeO MnO MgO NiO CoO CaO Na2O K2O P2O5 H2O 
1 1000.00 1400.00 0.000000 ---
2 1000.00 1397.00 0.000000 ---
3 1000.00 1394.00 0.000000 ---
4 1000.00 1391.00 0.000000 ---
5 1000.00 1388.00 0.000000 ---
6 1000.00 1385.00 0.000000 ---
7 1000.00 1382.00 0.000000 ---
8 1000.00 1379.00 0.000000 ---
9 1000.00 1376.00 0.000000 ---
10 1000.00 1373.00 0.000000 ---
11 1000.00 1370.00 0.000000 ---
12 1000.00 1367.00 0.000000 ---
13 1000.00 1364.00 0.000000 ---
14 1000.00 1361.00 0.000000 ---
15 1000.00 1358.00 0.000000 ---
16 1000.00 1355.00 0.000000 ---
17 1000.00 1352.00 0.000000 ---
18 1000.00 1349.00 0.000000 ---
19 1000.00 1346.00 0.000000 ---
20 1000.00 1343.00 0.000000 ---
21 1000.00 1340.00 0.000000 ---
22 1000.00 1337.00 0.000000 ---
23 1000.00 1334.00 0.000000 ---
24 1000.00 1331.00 0.000000 ---
25 1000.00 1328.00 0.000000 ---
26 1000.00 1325.00 0.000000 ---
27 1000.00 1322.00 0.000000 ---
28 1000.00 1319.00 0.000000 ---
29 1000.00 1316.00 0.000000 ---
30 1000.00 1313.00 0.000000 ---
31 1000.00 1310.00 0.000000 ---
32 1000.00 1307.00 0.000000 ---
33 1000.00 1304.00 0.000000 ---
34 1000.00 1301.00 0.000000 ---
35 1000.00 1298.00 0.000000 ---
36 1000.00 1295.00 0.000000 ---
37 1000.00 1292.00 0.000000 ---
38 1000.00 1289.00 0.000000 ---
39 1000.00 1286.00 0.000000 ---
40 1000.00 1283.00 0.000000 ---
41 1000.00 1280.00 0.000000 ---
42 1000.00 1277.00 0.000000 ---
43 1000.00 1274.00 0.000000 ---
44 1000.00 1271.00 0.000000 ---
45 1000.00 1268.00 0.000000 ---
46 1000.00 1265.00 0.000000 ---
47 1000.00 1262.00 0.000000 ---
48 1000.00 1259.00 0.000000 ---
49 1000.00 1256.00 0.000000 ---
50 1000.00 1253.00 0.000000 ---
51 1000.00 1250.00 0.000000 ---
52 1000.00 1247.00 0.000000 ---
53 1000.00 1244.00 0.000000 ---
54 1000.00 1241.00 0.000000 ---
55 1000.00 1238.00 0.000000 ---
56 1000.00 1235.00 0.000000 ---
57 1000.00 1232.00 0.000000 ---
58 1000.00 1229.00 0.000000 ---
59 1000.00 1226.00 0.000000 ---
60 1000.00 1223.00 0.000000 ---
61 1000.00 1220.00 0.000000 ---
62 1000.00 1217.00 0.000000 ---
63 1000.00 1214.00 0.000000 ---
64 1000.00 1211.00 0.000000 ---
65 1000.00 1208.00 0.000000 ---
66 1000.00 1205.00 0.000000 ---
67 1000.00 1202.00 0.000000 ---
68 1000.00 1199.00 0.000000 ---
69 1000.00 1196.00 0.000000 ---
70 1000.00 1193.00 0.000000 ---
71 1000.00 1190.00 0.000000 ---
72 1000.00 1187.00 0.000000 ---
73 1000.00 1184.00 0.000000 ---
74 1000.00 1181.00 0.000000 ---
75 1000.00 1178.00 0.852079 51.3163 0.454617 3.99859 1.31628 0 7.09379 0 16.3054 0 0 19.3335 0.181546 0 0 0
76 1000.00 1179.00 0.325680 51.352 0.4474 3.96829 1.31007 0 7.05449 0 16.3442 0 0 19.3433 0.180215 0 0 0
77 1000.00 1180.00 0.000000 ---
78 1000.00 1179.00 0.325680 51.352 0.4474 3.96829 1.31007 0 7.05449 0 16.3442 0 0 19.3433 0.180215 0 0 0
79 1000.00 1179.10 0.272800 51.3556 0.446683 3.96526 1.30944 0 7.05057 0 16.3481 0 0 19.3442 0.180082 0 0 0
80 1000.00 1179.20 0.219876 51.3592 0.445967 3.96224 1.30882 0 7.04665 0 16.352 0 0 19.3452 0.179949 0 0 0
81 1000.00 1179.30 0.166907 51.3627 0.445251 3.95921 1.3082 0 7.04274 0 16.3559 0 0 19.3462 0.179817 0 0 0
82 1000.00 1179.40 0.113894 51.3663 0.444536 3.95618 1.30757 0 7.03882 0 16.3598 0 0 19.3471 0.179684 0 0 0
83 1000.00 1179.50 0.060837 51.3699 0.443822 3.95316 1.30695 0 7.03491 0 16.3637 0 0 19.3481 0.179551 0 0 0
84 1000.00 1179.60 0.007736 51.3734 0.443109 3.95013 1.30633 0 7.031 0 16.3675 0 0 19.349 0.179419 0 0 0
85 1000.00 1179.70 0.000000 ---
86 1000.00 1179.60 0.007736 51.3734 0.443109 3.95013 1.30633 0 7.031 0 16.3675 0 0 19.349 0.179419 0 0 0
87 1000.00 1180.00 0.000000 ---
88 1000.00 1179.70 0.000000 ---
89 1000.00 1179.80 0.000000 ---
90 1000.00 1132.04 42.370093 51.8987 0.321488 15.2943 0.655823 0 6.76083 0 9.09359 0 0 13.8011 2.10319 0.0709192 0 0
91 1000.00 1084.29 27.347811 45.5345 3.77164 12.6824 2.468 0 15.3605 0 7.25048 0 0 10.7226 2.11186 0.0980086 0 0
92 1000.00 1036.53 12.923815 41.2475 4.6252 11.7275 3.05048 0 22.2116 0.703069 4.55609 0 0 9.29864 2.40058 0.126781 0.0524902 0
93 1000.00 988.78 4.672882 44.7058 2.85641 13.3602 1.51987 0 20.2712 1.15057 2.46922 0 0 9.3033 3.30024 0.196021 0.867225 0
94 1000.00 941.02 2.480028 45.9719 2.58028 13.2589 0.86389 0 18.3281 1.21366 1.19123 0 0 10.5836 3.75004 0.244847 1.93179 0.0817258
95 1000.00 893.27 1.600110 47.6227 2.27032 13.8919 0.858058 0 17.0755 1.1213 0.43187 0 0 10.3436 4.21974 0.286943 1.80175 0.0762244